0	15565	15573	15567	
1	15572	15573	15567	
2	15566	15574	15570	
3	15567	15575	15571	
4	15568	15570	15564	
5	15566	15571	15569	
6	15568	15571	15566	
7	15566	15572	15572	
8	15568	15574	15565	
9	15565	15573	15570	
10	15569	15574	15568	
11	15565	15570	15567	
12	15563	15574	15567	
13	15571	15575	15575	
14	15566	15570	15567	
15	15564	15574	15568	
16	15565	15575	15565	
17	15570	15572	15568	
18	15567	15572	15572	
19	15563	15574	15570	
20	15568	15575	15568	
21	15570	15570	15569	
22	15565	15574	15571	
23	15565	15572	15569	
24	15565	15575	15569	
25	15567	15568	15565	
26	15565	15571	15570	
27	15571	15569	15565	
28	15568	15573	15568	
29	15565	15573	15570	
30	15569	15579	15570	
31	15568	15572	15565	
32	15564	15574	15565	
33	15563	15567	15568	
34	15570	15572	15567	
35	15571	15576	15567	
36	15570	15574	15567	
37	15568	15573	15570	
38	15568	15568	15568	
39	15569	15574	15563	
40	15569	15573	15567	
41	15562	15575	15569	
42	15567	15576	15570	
43	15569	15576	15566	
44	15567	15578	15568	
45	15563	15575	15568	
46	15572	15573	15572	
47	15567	15574	15570	
48	15566	15569	15573	
49	15566	15572	15570	
50	15566	15571	15567	
51	15565	15577	15571	
52	15567	15571	15571	
53	15565	15568	15566	
54	15570	15573	15572	
55	15563	15573	15572	
56	15564	15573	15566	
57	15568	15573	15567	
58	15568	15575	15571	
59	15566	15571	15567	
60	15566	15575	15565	
61	15570	15571	15570	
62	15567	15578	15568	
63	15561	15568	15573	
64	15568	15571	15571	
65	15567	15572	15566	
66	15564	15573	15568	
67	15574	15573	15567	
68	15567	15575	15568	
69	15566	15571	15565	
70	15565	15570	15563	
71	15569	15570	15563	
72	15563	15572	15570	
73	15571	15573	15568	
74	15568	15572	15568	
75	15566	15573	15564	
76	15562	15570	15569	
77	15570	15566	15566	
78	15568	15569	15567	
79	15566	15569	15571	
80	15572	15574	15571	
81	15563	15572	15572	
82	15564	15573	15568	
83	15572	15573	15566	
84	15570	15573	15564	
85	15567	15576	15574	
86	15565	15574	15570	
87	15563	15571	15568	
88	15564	15568	15568	
89	15573	15573	15567	
90	15572	15569	15569	
91	15567	15575	15565	
92	15563	15573	15564	
93	15570	15572	15570	
94	15565	15571	15563	
95	15567	15573	15567	
96	15571	15577	15569	
97	15571	15570	15570	
98	15569	15577	15566	
99	15565	15576	15569	
100	15568	15571	15569	
101	15573	15566	15570	
102	15572	15572	15565	
103	15566	15573	15571	
104	15572	15574	15567	
105	15570	15570	15567	
106	15571	15570	15569	
107	15565	15576	15568	
108	15568	15568	15569	
109	15572	15571	15565	
110	15564	15571	15569	
111	15568	15571	15567	
112	15569	15572	15567	
113	15570	15573	15569	
114	15562	15569	15569	
115	15569	15572	15570	
116	15564	15575	15570	
117	15566	15573	15567	
118	15561	15573	15567	
119	15571	15571	15568	
120	15569	15571	15577	
121	15568	15574	15566	
122	15570	15573	15567	
123	15567	15569	15564	
124	15571	15570	15570	
125	15565	15571	15569	
126	15570	15570	15566	
127	15571	15572	15571	
128	15573	15571	15572	
129	15562	15568	15563	
130	15571	15570	15570	
131	15567	15570	15569	
132	15567	15575	15568	
133	15566	15569	15569	
134	15568	15573	15566	
135	15564	15574	15567	
136	15565	15573	15566	
137	15565	15571	15567	
138	15574	15572	15566	
139	15567	15572	15568	
140	15569	15573	15567	
141	15569	15572	15568	
142	15571	15573	15568	
143	15569	15577	15569	
144	15567	15569	15577	
145	15569	15570	15566	
146	15566	15573	15566	
147	15565	15579	15569	
148	15569	15571	15567	
149	15564	15570	15567	
150	15569	15577	15571	
151	15566	15572	15567	
152	15566	15574	15568	
153	15567	15574	15569	
154	15572	15568	15570	
155	15566	15570	15573	
156	15568	15571	15569	
157	15565	15575	15568	
158	15571	15571	15568	
159	15563	15573	15569	
160	15567	15573	15570	
161	15573	15573	15571	
162	15569	15573	15571	
163	15571	15574	15571	
164	15569	15576	15567	
165	15567	15572	15567	
166	15568	15572	15564	
167	15573	15571	15567	
168	15567	15573	15563	
169	15571	15571	15572	
170	15569	15574	15573	
171	15564	15576	15570	
172	15570	15571	15564	
173	15561	15571	15565	
174	15566	15572	15569	
175	15567	15574	15568	
176	15567	15574	15567	
177	15564	15568	15571	
178	15565	15573	15570	
179	15565	15569	15563	
180	15567	15570	15570	
181	15572	15573	15568	
182	15567	15568	15563	
183	15569	15570	15568	
184	15567	15572	15565	
185	15564	15576	15567	
186	15569	15571	15571	
187	15567	15573	15567	
188	15568	15573	15568	
189	15567	15571	15570	
190	15572	15570	15570	
191	15568	15572	15566	
192	15567	15570	15561	
193	15564	15572	15575	
194	15567	15574	15568	
195	15567	15576	15566	
196	15566	15567	15570	
197	15562	15570	15567	
198	15566	15575	15567	
199	15571	15570	15572	
200	15568	15569	15569	
201	15569	15579	15566	
202	15566	15569	15568	
203	15566	15565	15566	
204	15570	15569	15566	
205	15563	15575	15567	
206	15571	15569	15567	
207	15568	15572	15565	
208	15567	15569	15570	
209	15566	15573	15568	
210	15565	15575	15570	
211	15565	15571	15573	
212	15566	15570	15568	
213	15564	15573	15565	
214	15563	15571	15568	
215	15564	15570	15571	
216	15571	15572	15569	
217	15568	15573	15569	
218	15570	15571	15566	
219	15566	15569	15571	
220	15566	15575	15569	
221	15568	15574	15567	
222	15568	15572	15563	
223	15566	15571	15567	
224	15565	15570	15569	
225	15567	15571	15568	
226	15566	15571	15570	
227	15575	15574	15568	
228	15566	15573	15568	
229	15572	15574	15564	
230	15563	15572	15565	
231	15567	15571	15563	
232	15569	15572	15568	
233	15569	15574	15567	
234	15565	15569	15567	
235	15568	15570	15571	
236	15567	15574	15564	
237	15565	15571	15566	
238	15567	15572	15568	
239	15570	15576	15567	
240	15565	15571	15570	
241	15570	15571	15569	
242	15565	15572	15567	
243	15568	15574	15569	
244	15567	15571	15571	
245	15563	15569	15567	
246	15569	15574	15566	
247	15564	15572	15566	
248	15571	15573	15569	
249	15569	15572	15567	
250	15560	15574	15571	
251	15567	15576	15568	
252	15568	15568	15568	
253	15564	15577	15565	
254	15569	15574	15571	
255	15573	15574	15565	
256	15565	15576	15571	
257	15568	15568	15566	
258	15566	15570	15567	
259	15568	15573	15569	
260	15565	15572	15566	
261	15568	15570	15566	
262	15567	15570	15572	
263	15569	15576	15569	
264	15569	15577	15567	
265	15568	15567	15568	
266	15567	15577	15569	
267	15567	15572	15567	
268	15562	15577	15569	
269	15567	15575	15570	
270	15566	15570	15569	
271	15565	15572	15566	
272	15570	15569	15564	
273	15567	15573	15567	
274	15565	15570	15569	
275	15566	15571	15571	
276	15569	15572	15569	
277	15568	15573	15571	
278	15565	15569	15566	
279	15565	15568	15571	
280	15566	15578	15571	
281	15567	15574	15568	
282	15567	15570	15570	
283	15567	15569	15561	
284	15564	15574	15567	
285	15568	15573	15568	
286	15565	15577	15570	
287	15568	15572	15571	
288	15570	15574	15571	
289	15568	15569	15564	
290	15565	15575	15572	
291	15572	15573	15565	
292	15565	15574	15569	
293	15568	15573	15569	
294	15564	15575	15572	
295	15565	15569	15567	
296	15567	15576	15566	
297	15570	15568	15568	
298	15567	15575	15567	
299	15570	15571	15564	
300	15567	15574	15570	
301	15570	15573	15566	
302	15568	15570	15567	
303	15567	15573	15565	
304	15571	15576	15568	
305	15570	15570	15570	
306	15567	15574	15561	
307	15569	15569	15567	
308	15568	15569	15568	
309	15567	15572	15567	
310	15572	15570	15570	
311	15566	15573	15567	
312	15565	15573	15568	
313	15568	15569	15569	
314	15572	15576	15570	
315	15566	15571	15568	
316	15569	15568	15564	
317	15571	15573	15569	
318	15567	15573	15569	
319	15565	15573	15565	
320	15565	15572	15565	
321	15570	15571	15569	
322	15571	15573	15571	
323	15569	15574	15565	
324	15566	15575	15576	
325	15563	15573	15568	
326	15568	15571	15569	
327	15565	15573	15570	
328	15564	15574	15564	
329	15568	15573	15566	
330	15568	15572	15573	
331	15566	15571	15564	
332	15572	15569	15573	
333	15569	15574	15565	
334	15566	15574	15569	
335	15570	15572	15565	
336	15567	15572	15569	
337	15571	15571	15567	
338	15569	15574	15569	
339	15565	15575	15572	
340	15569	15573	15567	
341	15567	15567	15566	
342	15569	15573	15565	
343	15566	15574	15569	
344	15572	15568	15569	
345	15565	15572	15566	
346	15568	15566	15564	
347	15568	15573	15569	
348	15565	15576	15566	
349	15567	15573	15567	
350	15566	15575	15568	
351	15562	15575	15565	
352	15569	15571	15572	
353	15559	15574	15566	
354	15565	15575	15568	
355	15567	15575	15565	
356	15563	15578	15565	
357	15574	15565	15570	
358	15568	15574	15564	
359	15565	15577	15572	
360	15566	15580	15566	
361	15566	15572	15566	
362	15569	15568	15568	
363	15566	15569	15571	
364	15572	15569	15564	
365	15573	15572	15568	
366	15569	15568	15569	
367	15561	15574	15565	
368	15571	15570	15569	
369	15566	15572	15573	
370	15571	15568	15571	
371	15564	15572	15567	
372	15566	15569	15567	
373	15568	15573	15569	
374	15571	15572	15570	
375	15564	15565	15566	
376	15570	15570	15572	
377	15568	15573	15570	
378	15564	15573	15569	
379	15574	15570	15566	
380	15567	15571	15570	
381	15566	15574	15569	
382	15568	15571	15567	
383	15566	15571	15566	
384	15567	15574	15566	
385	15570	15570	15569	
386	15568	15574	15567	
387	15572	15573	15566	
388	15561	15571	15563	
389	15569	15571	15568	
390	15570	15575	15569	
391	15571	15571	15568	
392	15570	15572	15572	
393	15570	15576	15569	
394	15571	15574	15570	
395	15567	15570	15568	
396	15566	15575	15565	
397	15565	15570	15568	
398	15567	15571	15570	
399	15569	15568	15569	
400	15570	15573	15562	
401	15569	15578	15570	
402	15568	15571	15567	
403	15563	15569	15563	
404	15569	15574	15573	
405	15569	15572	15569	
406	15568	15579	15571	
407	15569	15573	15567	
408	15569	15572	15570	
409	15565	15572	15568	
410	15562	15573	15568	
411	15571	15576	15569	
412	15567	15578	15568	
413	15570	15570	15569	
414	15571	15575	15569	
415	15569	15573	15566	
416	15573	15580	15570	
417	15566	15573	15566	
418	15571	15569	15568	
419	15570	15574	15571	
420	15568	15577	15573	
421	15564	15568	15570	
422	15570	15574	15571	
423	15565	15577	15570	
424	15567	15576	15572	
425	15570	15574	15565	
426	15571	15574	15568	
427	15564	15573	15567	
428	15567	15571	15568	
429	15569	15568	15565	
430	15571	15573	15570	
431	15565	15575	15567	
432	15568	15576	15568	
433	15572	15570	15571	
434	15560	15572	15566	
435	15569	15569	15570	
436	15566	15571	15568	
437	15566	15574	15567	
438	15571	15572	15568	
439	15571	15572	15571	
440	15563	15575	15567	
441	15567	15573	15572	
442	15568	15570	15574	
443	15565	15576	15569	
444	15567	15568	15571	
445	15568	15572	15563	
446	15568	15572	15572	
447	15572	15575	15562	
448	15566	15572	15568	
449	15567	15575	15568	
450	15569	15575	15565	
451	15563	15571	15567	
452	15570	15570	15566	
453	15564	15573	15572	
454	15565	15569	15569	
455	15572	15571	15570	
456	15572	15571	15569	
457	15568	15573	15571	
458	15571	15569	15568	
459	15571	15571	15571	
460	15565	15568	15569	
461	15569	15572	15573	
462	15571	15575	15569	
463	15568	15571	15568	
464	15568	15573	15567	
465	15570	15571	15565	
466	15571	15571	15567	
467	15572	15569	15569	
468	15568	15573	15568	
469	15566	15572	15570	
470	15573	15567	15573	
471	15565	15575	15567	
472	15570	15573	15570	
473	15567	15572	15565	
474	15566	15573	15568	
475	15572	15573	15568	
476	15567	15570	15571	
477	15570	15572	15570	
478	15566	15573	15567	
479	15570	15573	15571	
480	15569	15575	15567	
481	15563	15564	15567	
482	15567	15571	15564	
483	15571	15571	15570	
484	15566	15568	15568	
485	15565	15573	15569	
486	15571	15569	15572	
487	15570	15574	15570	
488	15566	15567	15569	
489	15567	15572	15569	
490	15568	15570	15567	
491	15567	15567	15563	
492	15570	15574	15564	
493	15567	15567	15568	
494	15567	15576	15569	
495	15568	15575	15571	
496	15566	15575	15569	
497	15569	15573	15569	
498	15564	15573	15570	
499	15570	15574	15568	
500	15570	15569	15567	
501	15563	15573	15571	
502	15566	15574	15570	
503	15567	15572	15567	
504	15569	15572	15566	
505	15565	15572	15567	
506	15572	15572	15565	
507	15562	15574	15571	
508	15562	15570	15567	
509	15569	15568	15567	
510	15563	15571	15569	
511	15565	15576	15568	
512	15565	15570	15569	
513	15567	15574	15565	
514	15569	15571	15568	
515	15571	15571	15573	
516	15563	15572	15572	
517	15562	15569	15567	
518	15564	15576	15569	
519	15567	15572	15569	
520	15571	15575	15571	
521	15569	15574	15573	
522	15565	15569	15571	
523	15566	15569	15568	
524	15567	15573	15568	
525	15570	15573	15570	
526	15568	15569	15572	
527	15564	15572	15567	
528	15567	15571	15568	
529	15566	15569	15569	
530	15569	15570	15569	
531	15567	15570	15569	
532	15568	15570	15567	
533	15568	15570	15568	
534	15570	15568	15570	
535	15568	15570	15568	
536	15565	15569	15573	
537	15566	15573	15568	
538	15572	15569	15566	
539	15572	15570	15572	
540	15565	15569	15569	
541	15565	15574	15569	
542	15571	15568	15566	
543	15573	15570	15573	
544	15569	15565	15566	
545	15568	15574	15565	
546	15568	15574	15570	
547	15565	15567	15564	
548	15571	15572	15569	
549	15568	15571	15567	
550	15568	15569	15564	
551	15566	15570	15573	
552	15570	15573	15570	
553	15568	15570	15567	
554	15569	15569	15565	
555	15570	15570	15568	
556	15562	15570	15573	
557	15570	15564	15566	
558	15564	15578	15569	
559	15569	15571	15570	
560	15569	15570	15570	
561	15566	15570	15567	
562	15568	15572	15567	
563	15567	15571	15569	
564	15564	15571	15568	
565	15567	15574	15570	
566	15568	15571	15570	
567	15567	15575	15569	
568	15569	15573	15566	
569	15566	15567	15572	
570	15567	15572	15569	
571	15564	15574	15570	
572	15572	15573	15566	
573	15571	15570	15567	
574	15570	15568	15569	
575	15571	15569	15568	
576	15567	15578	15566	
577	15567	15573	15568	
578	15574	15580	15566	
579	15566	15571	15565	
580	15567	15574	15565	
581	15569	15570	15571	
582	15566	15570	15569	
583	15569	15570	15573	
584	15566	15579	15568	
585	15569	15570	15573	
586	15569	15570	15571	
587	15569	15570	15569	
588	15565	15573	15569	
589	15569	15575	15568	
590	15568	15572	15569	
591	15567	15565	15568	
592	15566	15571	15571	
593	15572	15571	15571	
594	15573	15569	15570	
595	15567	15570	15568	
596	15567	15573	15568	
597	15566	15576	15568	
598	15565	15572	15568	
599	15567	15571	15571	
600	15570	15573	15568	
601	15571	15572	15570	
602	15566	15572	15570	
603	15564	15570	15571	
604	15570	15570	15570	
605	15565	15569	15569	
606	15569	15572	15566	
607	15562	15571	15571	
608	15568	15570	15570	
609	15566	15574	15569	
610	15567	15570	15569	
611	15564	15568	15570	
612	15568	15575	15567	
613	15565	15571	15570	
614	15569	15574	15569	
615	15568	15572	15570	
616	15569	15570	15565	
617	15563	15572	15570	
618	15568	15578	15569	
619	15566	15571	15571	
620	15576	15571	15568	
621	15568	15572	15571	
622	15566	15571	15568	
623	15563	15572	15573	
624	15566	15570	15571	
625	15568	15572	15564	
626	15566	15572	15570	
627	15565	15571	15573	
628	15567	15570	15566	
629	15567	15571	15566	
630	15567	15570	15569	
631	15571	15574	15565	
632	15567	15569	15566	
633	15567	15570	15569	
634	15567	15569	15570	
635	15571	15575	15568	
636	15566	15572	15570	
637	15567	15573	15571	
638	15566	15570	15567	
639	15567	15569	15568	
640	15570	15573	15569	
641	15565	15576	15566	
642	15565	15570	15569	
643	15566	15572	15570	
644	15565	15569	15570	
645	15565	15570	15568	
646	15564	15569	15573	
647	15571	15569	15565	
648	15568	15573	15567	
649	15569	15575	15564	
650	15566	15570	15565	
651	15571	15569	15569	
652	15567	15573	15563	
653	15566	15575	15572	
654	15570	15573	15567	
655	15564	15570	15568	
656	15567	15569	15569	
657	15567	15569	15569	
658	15567	15569	15568	
659	15569	15571	15567	
660	15569	15571	15568	
661	15567	15569	15572	
662	15570	15572	15571	
663	15569	15573	15567	
664	15567	15573	15569	
665	15565	15567	15569	
666	15570	15573	15570	
667	15571	15575	15569	
668	15570	15574	15567	
669	15570	15572	15569	
670	15568	15571	15568	
671	15564	15570	15568	
672	15571	15572	15573	
673	15564	15569	15565	
674	15571	15571	15568	
675	15568	15566	15568	
676	15567	15572	15566	
677	15570	15571	15566	
678	15566	15571	15567	
679	15570	15569	15571	
680	15569	15573	15566	
681	15567	15569	15571	
682	15567	15571	15568	
683	15565	15574	15567	
684	15565	15572	15567	
685	15572	15570	15568	
686	15566	15571	15568	
687	15567	15573	15566	
688	15576	15570	15573	
689	15569	15573	15567	
690	15570	15573	15569	
691	15566	15574	15575	
692	15570	15573	15567	
693	15572	15573	15563	
694	15566	15571	15568	
695	15566	15574	15565	
696	15570	15573	15568	
697	15564	15567	15566	
698	15571	15571	15570	
699	15568	15574	15564	
700	15568	15571	15570	
701	15559	15573	15565	
702	15567	15577	15569	
703	15568	15569	15567	
704	15565	15569	15572	
705	15567	15577	15567	
706	15563	15574	15566	
707	15572	15572	15569	
708	15569	15576	15568	
709	15567	15568	15571	
710	15564	15572	15569	
711	15571	15571	15568	
712	15566	15568	15569	
713	15563	15570	15566	
714	15568	15574	15567	
715	15565	15572	15569	
716	15569	15575	15566	
717	15568	15573	15569	
718	15567	15574	15568	
719	15564	15573	15569	
720	15568	15573	15567	
721	15565	15571	15569	
722	15572	15572	15567	
723	15567	15571	15566	
724	15566	15570	15568	
725	15567	15572	15567	
726	15567	15575	15566	
727	15564	15574	15568	
728	15561	15573	15565	
729	15567	15573	15570	
730	15569	15573	15567	
731	15573	15572	15567	
732	15568	15571	15567	
733	15568	15568	15571	
734	15568	15571	15564	
735	15566	15572	15568	
736	15564	15575	15566	
737	15570	15570	15566	
738	15570	15566	15567	
739	15568	15570	15567	
740	15571	15573	15568	
741	15565	15576	15567	
742	15567	15571	15570	
743	15568	15574	15570	
744	15570	15569	15566	
745	15566	15575	15568	
746	15569	15573	15566	
747	15567	15570	15566	
748	15573	15574	15568	
749	15568	15574	15563	
750	15570	15568	15568	
751	15564	15575	15571	
752	15571	15574	15568	
753	15563	15571	15570	
754	15569	15571	15564	
755	15570	15575	15569	
756	15568	15570	15571	
757	15570	15568	15567	
758	15568	15568	15565	
759	15568	15573	15571	
760	15567	15572	15566	
761	15569	15573	15567	
762	15568	15573	15564	
763	15566	15566	15565	
764	15567	15568	15568	
765	15572	15573	15568	
766	15561	15573	15570	
767	15567	15570	15569	
768	15567	15569	15567	
769	15568	15567	15568	
770	15570	15574	15570	
771	15567	15573	15570	
772	15565	15571	15565	
773	15568	15571	15570	
774	15565	15569	15566	
775	15564	15574	15567	
776	15569	15574	15569	
777	15565	15572	15569	
778	15574	15570	15573	
779	15566	15567	15564	
780	15568	15575	15569	
781	15572	15573	15571	
782	15572	15573	15563	
783	15566	15573	15568	
784	15568	15572	15567	
785	15568	15572	15567	
786	15565	15574	15566	
787	15564	15573	15572	
788	15571	15574	15570	
789	15566	15572	15568	
790	15565	15573	15569	
791	15569	15566	15567	
792	15571	15573	15570	
793	15563	15567	15567	
794	15567	15578	15569	
795	15565	15570	15569	
796	15570	15576	15566	
797	15568	15573	15567	
798	15565	15568	15569	
799	15565	15571	15569	
800	15564	15574	15570	
801	15566	15572	15571	
802	15569	15577	15568	
803	15566	15568	15570	
804	15570	15574	15566	
805	15564	15573	15569	
806	15569	15571	15569	
807	15567	15569	15571	
808	15571	15571	15569	
809	15567	15572	15564	
810	15561	15570	15567	
811	15571	15571	15570	
812	15568	15573	15565	
813	15572	15572	15569	
814	15564	15571	15574	
815	15565	15570	15571	
816	15572	15570	15568	
817	15564	15571	15568	
818	15564	15572	15570	
819	15566	15571	15573	
820	15568	15571	15567	
821	15569	15574	15563	
822	15568	15573	15568	
823	15564	15571	15568	
824	15566	15570	15569	
825	15570	15571	15563	
826	15569	15572	15567	
827	15567	15577	15566	
828	15561	15570	15570	
829	15569	15571	15569	
830	15565	15572	15571	
831	15565	15572	15571	
832	15567	15575	15567	
833	15568	15572	15572	
834	15567	15575	15568	
835	15568	15572	15569	
836	15564	15573	15568	
837	15566	15571	15566	
838	15569	15572	15566	
839	15563	15571	15568	
840	15568	15573	15571	
841	15567	15570	15569	
842	15566	15567	15571	
843	15566	15571	15567	
844	15568	15572	15570	
845	15569	15573	15566	
846	15569	15573	15571	
847	15568	15571	15567	
848	15567	15573	15565	
849	15568	15570	15569	
850	15569	15572	15573	
851	15566	15573	15568	
852	15564	15572	15565	
853	15569	15573	15575	
854	15567	15573	15573	
855	15566	15567	15564	
856	15571	15569	15570	
857	15567	15572	15566	
858	15565	15573	15565	
859	15565	15570	15569	
860	15565	15569	15565	
861	15564	15570	15569	
862	15569	15574	15567	
863	15566	15571	15566	
864	15566	15571	15569	
865	15568	15571	15570	
866	15568	15574	15566	
867	15568	15573	15570	
868	15563	15571	15568	
869	15570	15570	15566	
870	15568	15573	15570	
871	15565	15569	15572	
872	15565	15570	15560	
873	15571	15569	15570	
874	15568	15571	15566	
875	15570	15574	15567	
876	15567	15572	15566	
877	15567	15573	15563	
878	15566	15569	15569	
879	15571	15568	15567	
880	15568	15570	15568	
881	15569	15573	15567	
882	15566	15573	15572	
883	15571	15572	15566	
884	15566	15575	15575	
885	15564	15573	15571	
886	15567	15569	15567	
887	15566	15569	15568	
888	15567	15567	15560	
889	15572	15574	15569	
890	15564	15572	15571	
891	15574	15575	15564	
892	15570	15573	15572	
893	15562	15575	15568	
894	15566	15571	15564	
895	15560	15573	15567	
896	15565	15565	15570	
897	15569	15570	15569	
898	15565	15573	15569	
899	15567	15571	15569	
900	15566	15568	15569	
901	15565	15571	15567	
902	15569	15570	15567	
903	15565	15571	15568	
904	15568	15571	15567	
905	15568	15573	15569	
906	15566	15569	15568	
907	15570	15569	15569	
908	15568	15572	15570	
909	15565	15569	15567	
910	15564	15572	15567	
911	15565	15573	15565	
912	15571	15573	15571	
913	15565	15574	15571	
914	15568	15570	15566	
915	15565	15571	15572	
916	15566	15571	15565	
917	15569	15577	15566	
918	15564	15573	15570	
919	15565	15576	15568	
920	15565	15568	15567	
921	15573	15575	15570	
922	15569	15573	15565	
923	15567	15573	15567	
924	15571	15569	15569	
925	15568	15571	15569	
926	15571	15570	15569	
927	15567	15572	15572	
928	15570	15571	15573	
929	15567	15573	15569	
930	15572	15571	15572	
931	15571	15571	15569	
932	15566	15570	15568	
933	15567	15574	15569	
934	15565	15573	15569	
935	15571	15570	15570	
936	15566	15568	15569	
937	15571	15570	15570	
938	15570	15573	15567	
939	15570	15571	15568	
940	15566	15572	15569	
941	15566	15571	15567	
942	15568	15569	15565	
943	15569	15568	15566	
944	15569	15571	15563	
945	15570	15573	15571	
946	15564	15572	15565	
947	15567	15575	15571	
948	15564	15572	15567	
949	15569	15571	15568	
950	15569	15571	15567	
951	15565	15570	15570	
952	15571	15571	15573	
953	15570	15572	15566	
954	15567	15571	15568	
955	15565	15573	15571	
956	15569	15572	15567	
957	15565	15572	15566	
958	15569	15565	15566	
959	15567	15570	15566	
960	15570	15574	15567	
961	15565	15573	15564	
962	15569	15573	15568	
963	15565	15571	15569	
964	15567	15573	15572	
965	15567	15573	15569	
966	15569	15571	15567	
967	15560	15575	15565	
968	15569	15575	15569	
969	15567	15572	15570	
970	15566	15571	15570	
971	15563	15574	15570	
972	15571	15571	15568	
973	15564	15572	15566	
974	15566	15573	15569	
975	15566	15575	15570	
976	15571	15570	15568	
977	15570	15574	15565	
978	15570	15574	15570	
979	15561	15572	15567	
980	15567	15573	15567	
981	15567	15570	15563	
982	15568	15574	15565	
983	15569	15572	15565	
984	15567	15571	15570	
985	15569	15576	15567	
986	15570	15576	15567	
987	15568	15574	15575	
988	15567	15577	15569	
989	15571	15572	15573	
990	15564	15572	15567	
991	15567	15572	15563	
992	15569	15571	15573	
993	15567	15570	15566	
994	15565	15579	15572	
995	15563	15574	15567	
996	15571	15571	15569	
997	15565	15570	15571	
998	15571	15572	15572	
999	15564	15572	15568	
1000	15569	15575	15572	
1001	15567	15572	15568	
1002	15570	15574	15565	
1003	15572	15574	15570	
1004	15572	15573	15570	
1005	15565	15571	15570	
1006	15568	15569	15570	
1007	15563	15579	15564	
1008	15570	15571	15564	
1009	15565	15568	15565	
1010	15570	15574	15574	
1011	15566	15574	15571	
1012	15572	15573	15571	
1013	15566	15569	15571	
1014	15570	15565	15568	
1015	15568	15570	15567	
1016	15572	15575	15567	
1017	15571	15570	15567	
1018	15569	15574	15570	
1019	15568	15575	15570	
1020	15567	15570	15570	
1021	15566	15569	15567	
1022	15563	15566	15569	
1023	15566	15574	15571	
1024	15567	15570	15567	
1025	15568	15574	15568	
1026	15567	15570	15567	
1027	15571	15571	15566	
1028	15568	15577	15572	
1029	15570	15574	15570	
1030	
1031	
