0	16073	
1	16081	
2	16073	
3	16085	
4	16077	
5	16084	
6	16083	
7	16083	
8	16087	
9	16084	
10	16083	
11	16087	
12	16083	
13	16070	
14	16079	
15	16080	
16	16073	
17	16078	
18	16081	
19	16078	
20	16094	
21	16087	
22	16073	
23	16084	
24	16081	
25	16080	
26	16077	
27	16085	
28	16073	
29	16084	
30	16071	
31	16075	
32	16085	
33	16074	
34	16081	
35	16072	
36	16078	
37	16067	
38	16080	
39	16077	
40	16068	
41	16077	
42	16078	
43	16090	
44	16078	
45	16077	
46	16073	
47	16086	
48	16080	
49	16078	
50	16078	
51	16078	
52	16076	
53	16082	
54	16078	
55	16084	
56	16086	
57	16078	
58	16082	
59	16083	
60	16082	
61	16077	
62	16083	
63	16081	
64	16083	
65	16084	
66	16076	
67	16081	
68	16075	
69	16081	
70	16081	
71	16084	
72	16076	
73	16087	
74	16076	
75	16078	
76	16088	
77	16076	
78	16079	
79	16076	
80	16082	
81	16083	
82	16079	
83	16083	
84	16086	
85	16092	
86	16081	
87	16083	
88	16083	
89	16085	
90	16080	
91	16087	
92	16090	
93	16097	
94	16084	
95	16090	
96	16079	
97	16086	
98	16096	
99	16087	
100	16099	
101	16099	
102	16095	
103	16109	
104	16099	
105	16100	
106	16104	
107	16098	
108	16095	
109	16101	
110	16097	
111	16091	
112	16101	
113	16104	
114	16108	
115	16106	
116	16094	
117	16096	
118	16111	
119	16097	
120	16090	
121	16099	
122	16093	
123	16099	
124	16086	
125	16100	
126	16101	
127	16094	
128	16095	
129	16091	
130	16104	
131	16098	
132	16091	
133	16092	
134	16093	
135	16088	
136	16087	
137	16090	
138	16091	
139	16098	
140	16089	
141	16097	
142	16083	
143	16098	
144	16092	
145	16092	
146	16088	
147	16090	
148	16089	
149	16090	
150	16086	
151	16085	
152	16085	
153	16085	
154	16084	
155	16090	
156	16089	
157	16082	
158	16086	
159	16076	
160	16085	
161	16074	
162	16078	
163	16076	
164	16076	
165	16076	
166	16082	
167	16075	
168	16071	
169	16070	
170	16070	
171	16074	
172	16075	
173	16075	
174	16071	
175	16074	
176	16061	
177	16061	
178	16065	
179	16068	
180	16062	
181	16059	
182	16060	
183	16061	
184	16059	
185	16061	
186	16052	
187	16055	
188	16056	
189	16057	
190	16058	
191	16056	
192	16047	
193	16056	
194	16043	
195	16049	
196	16057	
197	16056	
198	16062	
199	16047	
200	16051	
201	16057	
202	16051	
203	16049	
204	16048	
205	16049	
206	16053	
207	16046	
208	16056	
209	16056	
210	16057	
211	16042	
212	16044	
213	16049	
214	16041	
215	16048	
216	16048	
217	16044	
218	16045	
219	16049	
220	16044	
221	16041	
222	16044	
223	16055	
224	16037	
225	16043	
226	16043	
227	16047	
228	16046	
229	16046	
230	16044	
231	16038	
232	16054	
233	16049	
234	16040	
235	16042	
236	16042	
237	16046	
238	16040	
239	16036	
240	16049	
241	16032	
242	16037	
243	16054	
244	16040	
245	16036	
246	16042	
247	16045	
248	16045	
249	16042	
250	16043	
251	16052	
252	16036	
253	16057	
254	16050	
255	16053	
256	16041	
257	16049	
258	16061	
259	16045	
260	16051	
261	16045	
262	16049	
263	16045	
264	16051	
265	16048	
266	16044	
267	16050	
268	16057	
269	16052	
270	16043	
271	16051	
272	16058	
273	16054	
274	16051	
275	16048	
276	16047	
277	16053	
278	16053	
279	16049	
280	16068	
281	16044	
282	16049	
283	16059	
284	16061	
285	16058	
286	16065	
287	16056	
288	16056	
289	16060	
290	16064	
291	16068	
292	16062	
293	16073	
294	16059	
295	16069	
296	16059	
297	16064	
298	16067	
299	16067	
300	16054	
301	16064	
302	16070	
303	16064	
304	16070	
305	16066	
306	16065	
307	16071	
308	16065	
309	16073	
310	16068	
311	16075	
312	16066	
313	16070	
314	16075	
315	16071	
316	16071	
317	16078	
318	16082	
319	16066	
320	16072	
321	16077	
322	16074	
323	16063	
324	16076	
325	16079	
326	16073	
327	16074	
328	16067	
329	16077	
330	16075	
331	16077	
332	16071	
333	16076	
334	16075	
335	16076	
336	16087	
337	16073	
338	16076	
339	16075	
340	16070	
341	16074	
342	16085	
343	16074	
344	16074	
345	16078	
346	16076	
347	16085	
348	16079	
349	16081	
350	16077	
351	16085	
352	16075	
353	16075	
354	16082	
355	16074	
356	16081	
357	16080	
358	16082	
359	16078	
360	16076	
361	16078	
362	16083	
363	16085	
364	16077	
365	16074	
366	16077	
367	16087	
368	16085	
369	16080	
370	16079	
371	16087	
372	16076	
373	16086	
374	16093	
375	16082	
376	16085	
377	16094	
378	16084	
379	16089	
380	16080	
381	16078	
382	16084	
383	16082	
384	16079	
385	16089	
386	16080	
387	16077	
388	16093	
389	16089	
390	16089	
391	16085	
392	16081	
393	16080	
394	16079	
395	16089	
396	16086	
397	16088	
398	16084	
399	16091	
400	16088	
401	16082	
402	16086	
403	16084	
404	16083	
405	16083	
406	16095	
407	16090	
408	16078	
409	16085	
410	16086	
411	16086	
412	16087	
413	16075	
414	16091	
415	16081	
416	16094	
417	16081	
418	16085	
419	16081	
420	16080	
421	16085	
422	16084	
423	16080	
424	16078	
425	16081	
426	16083	
427	16081	
428	16096	
429	16086	
430	16086	
431	16084	
432	16083	
433	16088	
434	16086	
435	16087	
436	16086	
437	16079	
438	16084	
439	16083	
440	16080	
441	16088	
442	16088	
443	16072	
444	16087	
445	16088	
446	16079	
447	16078	
448	16076	
449	16089	
450	16082	
451	16094	
452	16090	
453	16079	
454	16079	
455	16099	
456	16083	
457	16080	
458	16082	
459	16084	
460	16083	
461	16084	
462	16096	
463	16096	
464	16092	
465	16082	
466	16093	
467	16087	
468	16087	
469	16080	
470	16087	
471	16075	
472	16081	
473	16086	
474	16081	
475	16082	
476	16076	
477	16087	
478	16086	
479	16082	
480	16090	
481	16084	
482	16079	
483	16083	
484	16091	
485	16080	
486	16081	
487	16081	
488	16085	
489	16077	
490	16086	
491	16084	
492	16087	
493	16074	
494	16083	
495	16076	
496	16078	
497	16069	
498	16081	
499	16082	
500	16081	
501	16081	
502	16076	
503	16075	
504	16075	
505	16079	
506	16080	
507	16073	
508	16079	
509	16070	
510	16084	
511	16075	
512	16079	
513	16074	
514	16081	
515	16082	
516	16078	
517	16080	
518	16073	
519	16069	
520	
521	
